%YAML:1.0
---
camera_matrix: !!opencv-matrix
   rows: 3
   cols: 3
   dt: d
   data: [ 6.9072656677483178e+02, 0., 3.2430968138215241e+02, 0.,
       6.9305646289934157e+02, 2.2529340549598842e+02, 0., 0., 1. ]
distortion_coefficients: !!opencv-matrix
   rows: 5
   cols: 1
   dt: d
   data: [ 8.8852400765715517e-02, -1.8470686299875718e+00,
       -5.8513356298442809e-03, 5.5724600928921551e-04,
       1.5184323833115561e+01 ]
