%YAML:1.0
---
camera_matrix: !!opencv-matrix
   rows: 3
   cols: 3
   dt: d
   data: [ 5.3038011078799650e+02, 0., 3.0834509834208387e+02, 0.,
       5.3253209528978607e+02, 2.4069530408789834e+02, 0., 0., 1. ]
distortion_coefficients: !!opencv-matrix
   rows: 5
   cols: 1
   dt: d
   data: [ 9.1431510219730242e-02, -1.5879147387361878e-01,
       1.2941114473612726e-02, -1.1486822939083841e-02,
       4.9026230719603830e-01 ]
